[1]
latitude = 39.720356
longitude = -104.706041