[1]
latitude = 39.719153333
longitude = -104.702565

[2]
latitude = 39.719031667
longitude = -104.702566667

[3]
latitude = 39.719053333
longitude = -104.702346667

[4]
latitude = 39.719141667
longitude = -104.702348333

