[1]
latitude = 39.101233
longitude = -104.01234

